              precision    recall  f1-score   support

        best     0.0000    0.0000    0.0000         4
        busy     0.0000    0.0000    0.0000         9
     careful     0.0000    0.0000    0.0000         4
         eat     0.0000    0.0000    0.0000         5
       fight     0.0556    1.0000    0.1053         4
         god     0.0000    0.0000    0.0000         6
        good     0.0000    0.0000    0.0000         8
       great     0.0000    0.0000    0.0000         5
        hand     0.0000    0.0000    0.0000         9
       hello     0.0000    0.0000    0.0000         4
        here     0.0000    0.0000    0.0000         7
        home     0.0000    0.0000    0.0000         7

    accuracy                         0.0556        72
   macro avg     0.0046    0.0833    0.0088        72
weighted avg     0.0031    0.0556    0.0058        72
